    finalTraj = [24.6246    -17.7433
    24.5038     -17.947
     24.379    -18.1497
    24.2506    -18.3514
    24.1191    -18.5525
    23.9854    -18.7521
      23.85    -18.9494
    23.7126     -19.144
    23.5729    -19.3357
    23.4309    -19.5242
    23.2861    -19.7093
    23.1382    -19.8914
     22.987    -20.0705
    22.8325    -20.2466
    22.6748    -20.4195
    22.5139    -20.5891
    22.3498    -20.7557
    22.1818    -20.9202
    22.0104    -21.0831
    21.8359    -21.2448
    21.6589    -21.4058
    21.4796    -21.5665
    21.3002    -21.7256
    21.1272    -21.8874
    20.9543    -22.0451
    20.7809     -22.198
    20.6063    -22.3455
    20.4297     -22.487
    20.2474     -22.625
    20.0594    -22.7603
    19.8663    -22.8936
    19.6686    -23.0256
     19.467    -23.1569
    19.2638    -23.2875
    19.0618    -23.4152
    18.8606    -23.5392
      18.66    -23.6592
    18.4597    -23.7746
     18.259    -23.8846
    18.0554    -23.9901
    17.8476    -24.0919
    17.6361    -24.1906
    17.4213    -24.2868
    17.2036    -24.3809
    16.9836    -24.4734
    16.7635    -24.5637
    16.5431     -24.651
    16.3222    -24.7346
    16.1004    -24.8139
    15.8774     -24.888
    15.6521    -24.9566
    15.4233    -25.0199
    15.1914    -25.0786
    14.9568    -25.1331
      14.72     -25.184
    14.4813     -25.232
    14.2413    -25.2776
    14.0004    -25.3208
    13.7586    -25.3619
    13.5161    -25.4009
     13.273    -25.4378
    13.0295    -25.4727
    12.7857    -25.5052
    12.5414    -25.5347
    12.2965      -25.56
     12.051    -25.5803
    11.8047    -25.5946
    11.5578    -25.6021
     11.311     -25.603
    11.0645    -25.5985
    10.8188    -25.5897
    10.5738    -25.5779
    10.3296    -25.5642
    10.0857    -25.5493
    9.84173    -25.5329
    9.59758    -25.5143
    9.35338    -25.4928
    9.10915    -25.4679
    8.86518    -25.4387
    8.62182    -25.4054
    8.37871    -25.3722
    8.13569    -25.3397
    7.89268    -25.3083
    7.64955    -25.2785
    7.40612    -25.2506
    7.16242    -25.2243
    6.91852     -25.199
    6.67452    -25.1743
    6.43049    -25.1498
      6.186    -25.1334
    5.94084     -25.129
    5.69573    -25.1257
    5.45118    -25.1124
     5.2068    -25.0928
    4.96215    -25.0756
    4.71723    -25.0658
    4.47214    -25.0662
    4.22699    -25.0719
    3.98178    -25.0772
    3.73651    -25.0815
    3.49118    -25.0849
    3.24586    -25.0855
    3.00111    -25.0687
    2.75654    -25.0491
    2.51156    -25.0401
    2.26619    -25.0385
    2.02076    -25.0359
     1.7753    -25.0323
    1.52976    -25.0275
    1.28414    -25.0214
    1.03841    -25.0138
   0.792568    -25.0045
   0.546631    -24.9932
   0.300587    -24.9796
  0.0544237    -24.9633
   -0.19149    -24.9443
  -0.436983     -24.923
  -0.681986       -24.9
  -0.926468    -24.8759
   -1.17038    -24.8514
   -1.41377    -24.8274
   -1.65664    -24.8043
   -1.89896    -24.7831
   -2.13966    -24.7558
   -2.38089     -24.741
    -2.6225      -24.73
   -2.86475    -24.7225
   -3.10777    -24.7177
    -3.3516    -24.7148
   -3.59573    -24.7132
   -3.83991    -24.7128
   -4.08414    -24.7134
   -4.32841    -24.7152
   -4.57268     -24.718
    -4.8168    -24.7221
   -5.06073    -24.7277
   -5.30447    -24.7349
     -5.548    -24.7439
   -5.79131    -24.7548
   -6.03457    -24.7676
    -6.2778    -24.7821
   -6.52103    -24.7984
    -6.7642    -24.8163
   -7.00731    -24.8358
   -7.25074     -24.857
   -7.49537    -24.8796
   -7.74136    -24.9031
   -7.98887    -24.9273
   -8.23803    -24.9517
   -8.48905    -24.9755
   -8.74063    -24.9983
   -8.99158    -25.0163
   -9.24169    -25.0289
    -9.4908    -25.0365
    -9.7388    -25.0397
   -9.98576    -25.0386
   -10.2335    -25.0334
   -10.4827    -25.0235
   -10.7331    -25.0083
   -10.9847    -24.9872
   -11.2371    -24.9597
   -11.4902    -24.9253
   -11.7429    -24.8837
   -11.9951    -24.8346
   -12.2464    -24.7779
   -12.4963    -24.7136
   -12.7447    -24.6416
    -12.991    -24.5619
   -13.2352    -24.4744
   -13.4767    -24.3792
   -13.7152    -24.2763
   -13.9501    -24.1658
    -14.181    -24.0478
   -14.4073    -23.9224
    -14.628    -23.7905
   -14.8433    -23.6529
   -15.0536    -23.5105
   -15.2595     -23.364
   -15.4616    -23.2139
   -15.6602     -23.061
   -15.8561    -22.9052
   -16.0478    -22.7452
   -16.2328    -22.5801
   -16.4093    -22.4092
    -16.576    -22.2322
   -16.7324    -22.0494
   -16.8787    -21.8614
   -17.0152    -21.6688
   -17.1414    -21.4727
   -17.2569    -21.2738
   -17.3606    -21.0727
   -17.4515    -20.8701
   -17.5284    -20.6669
   -17.5899    -20.4639
   -17.6348     -20.262
    -17.663    -20.0588
   -17.6761    -19.8511
   -17.6753    -19.6401
   -17.6617    -19.4268
   -17.6363    -19.2119
   -17.6015    -18.9961
   -17.5559    -18.7805
      -17.5    -18.5658
   -17.4157    -18.3611
   -17.3224    -18.1614
   -17.2195    -17.9668
   -17.1066    -17.7774
   -16.9837    -17.5933
   -16.8505    -17.4146
   -16.7072    -17.2414
   -16.5538    -17.0736
   -16.3911    -16.9117
   -16.2195    -16.7563
    -16.039     -16.608
   -15.8498    -16.4673
   -15.6519     -16.335
   -15.4453    -16.2117
   -15.2305    -16.0983
   -15.0076    -15.9957
   -14.7773    -15.9044
   -14.5404    -15.8249
   -14.2979    -15.7575
   -14.0506    -15.7023
   -13.7991    -15.6596
   -13.5439    -15.6299
   -13.2856    -15.6138
   -13.0246    -15.6122
   -12.7632    -15.6254
   -12.5029    -15.6529
   -12.2451    -15.6934
    -11.991    -15.7459
   -11.7414    -15.8085
   -11.4972    -15.8797
   -11.2583    -15.9578
   -11.0231    -16.0426
   -10.7906    -16.1303
   -10.5603     -16.219
   -10.3322    -16.3081
   -10.1064    -16.3971
   -9.88237    -16.4854
   -9.65556    -16.5674
    -9.4237    -16.6377
    -9.1919     -16.709
   -8.96015    -16.7817
   -8.72853    -16.8565
   -8.49765    -16.9335
   -8.26818    -17.0127
   -8.04021    -17.0943
    -7.8138    -17.1783
   -7.58895    -17.2648
   -7.36558     -17.354
   -7.14312    -17.4462
   -6.92142    -17.5417
   -6.70049    -17.6407
   -6.48007     -17.743
   -6.25965    -17.8468
   -6.03851    -17.9479
   -5.81626    -18.0445
   -5.59287     -18.136
   -5.36831    -18.2221
   -5.14252    -18.3019
   -4.91523    -18.3745
   -4.68608    -18.4393
   -4.45479    -18.4954
   -4.22317    -18.5625
   -3.98745    -18.6213
   -3.74862    -18.6731
    -3.5077    -18.7198
    -3.2657    -18.7666
   -3.02329    -18.8138
   -2.78068    -18.8615
   -2.53795    -18.9096
   -2.29515    -18.9579
   -2.05238    -19.0064
   -1.80956     -19.055
   -1.56656    -19.1034
   -1.32327    -19.1511
    -1.0796    -19.1976
   -0.83544    -19.2429
  -0.591093    -19.2868
  -0.347126    -19.3296
  -0.103754    -19.3715
   0.138791    -19.4128
   0.380312    -19.4536
   0.620694    -19.4944
    0.86026    -19.5353
    1.09896    -19.5764
    1.33678    -19.6178
    1.57361    -19.6599
    1.80952    -19.7027
    2.04614    -19.7465
    2.28425    -19.7907
    2.52412    -19.8348
    2.76602    -19.8781
    3.01018      -19.92
    3.25514    -19.9584
    3.49936    -19.9939
    3.74262    -20.0271
    3.98482    -20.0589
    4.22585    -20.0899
    4.46653    -20.1191
    4.70827    -20.1443
    4.95109    -20.1655
    5.19507    -20.1825
     5.4402    -20.1953
    5.68661    -20.2037
    5.93462    -20.2077
    6.18411     -20.207
    6.43487    -20.2015
    6.68664    -20.1911
     6.9392    -20.1755
    7.19233    -20.1545
    7.44566     -20.128
    7.69877    -20.0956
    7.95119     -20.057
    8.20265    -20.0118
    8.45304    -19.9591
    8.70108    -19.8973
    8.94515    -19.8249
     9.1833    -19.7406
    9.41336    -19.6433
    9.63449    -19.5337
     9.8468    -19.4134
    10.0505    -19.2837
    10.2455    -19.1456
    10.4333    -18.9996
    10.6163    -18.8468
    10.7969    -18.6885
    10.9788    -18.5263
    11.1618    -18.3639
    11.3402    -18.2042
    11.5097    -18.0469
